map1s : - [[-1357.2617  -1356.2273  -1355.194   ...  -685.93054  -686.2251
   -686.5202 ]
 [-1354.4341  -1353.4009  -1352.3689  ...  -683.9027   -684.1967
   -684.4912 ]
 [-1351.6095  -1350.5776  -1349.5469  ...  -681.8772   -682.1706
   -682.4645 ]
 ...
 [ 3356.989    3356.9185   3356.848   ...  3452.6      3452.6624
   3452.7249 ]
 [ 3357.9548   3357.884    3357.8132  ...  3453.4854   3453.5476
   3453.61   ]
 [ 3358.921    3358.8496   3358.7788  ...  3454.3704   3454.4329
   3454.4954 ]] -


map2s : - [[4252.7993  4250.7427  4248.688   ...  486.41635  485.16284  483.90887]
 [4251.6973  4249.642   4247.588   ...  486.8324   485.57947  484.32608]
 [4250.5967  4248.5425  4246.4897  ...  487.24777  485.99542  484.74258]
 ...
 [3597.221   3596.1392  3595.058   ...  856.16693  855.26605  854.3651 ]
 [3597.348   3596.266   3595.1846  ...  856.21844  855.31757  854.4166 ]
 [3597.475   3596.393   3595.3115  ...  856.26996  855.369    854.4681 ]] -


map1j : - [[  3446.3655   3446.4155   3446.4658 ...   3652.602    3652.7224
    3652.843 ]
 [  3445.6865   3445.7368   3445.787  ...   3651.754    3651.874
    3651.9946]
 [  3445.0076   3445.0579   3445.108  ...   3650.9055   3651.0256
    3651.146 ]
 ...
 [ -1400.1493  -1400.0094  -1399.8705 ... -24389.389  -24440.75
  -24492.234 ]
 [ -1405.7676  -1405.6273  -1405.4878 ... -24470.39   -24521.912
  -24573.553 ]
 [ -1411.4008  -1411.26    -1411.1201 ... -24551.652  -24603.332
  -24655.135 ]] -


map2j : - [[  848.9512    849.6478    850.3446  ...  3522.892    3524.035
   3525.1785 ]
 [  848.79626   849.49304   850.1898  ...  3522.9302   3524.073
   3525.2166 ]
 [  848.6414    849.3382    850.0351  ...  3522.9683   3524.111
   3525.2546 ]
 ...
 [ -656.67584  -655.09106  -653.5069  ... 15825.661   15862.411
  15899.262  ]
 [ -659.39215  -657.80554  -656.21954 ... 15861.826   15898.673
  15935.621  ]
 [ -662.116    -660.5275   -658.9397  ... 15898.093   15935.038
  15972.083  ]] -


