R1 : - [[ 0.04536271 -0.99827451 -0.03728576]
 [ 0.99669061  0.04270738  0.06916579]
 [-0.06745407 -0.04029991  0.99690815]] -


R2 : - [[-0.02196869  0.958941   -0.2827535 ]
 [-0.9408252  -0.11549721 -0.31860372]
 [-0.33817941  0.25902232  0.90473318]] -


P1 : - [[3.01301826e+03 0.00000000e+00 2.21046407e+03 0.00000000e+00]
 [0.00000000e+00 3.01301826e+03 2.35844223e+03 0.00000000e+00]
 [0.00000000e+00 0.00000000e+00 1.00000000e+00 0.00000000e+00]] -


P2 : - [[ 3.01301826e+03  0.00000000e+00  2.21046407e+03 -9.85132133e+03]
 [ 0.00000000e+00  3.01301826e+03  2.35844223e+03  0.00000000e+00]
 [ 0.00000000e+00  0.00000000e+00  1.00000000e+00  0.00000000e+00]] -


Q : - [[ 1.00000000e+00  0.00000000e+00  0.00000000e+00 -2.21046407e+03]
 [ 0.00000000e+00  1.00000000e+00  0.00000000e+00 -2.35844223e+03]
 [ 0.00000000e+00  0.00000000e+00  0.00000000e+00  3.01301826e+03]
 [ 0.00000000e+00  0.00000000e+00  3.05849150e-01 -0.00000000e+00]] -


validPixROI1 : - (0, 0, 0, 0) -


validPixROI2 : - (0, 0, 0, 0) -


