# Data here are generated using file "rectify.ipynb"

fnamesAr is ['s7\\20200417_220303.jpg', 's7\\20200417_220356.jpg', 's7\\20200417_220428.jpg', 's7\\20200417_220458.jpg', 's7\\20200417_220522.jpg', 's7\\20200417_220545.jpg']


fnamejAr is ['j8\\20200417_220305.jpg', 'j8\\20200417_220358.jpg', 'j8\\20200417_220429.jpg', 'j8\\20200417_220500.jpg', 'j8\\20200417_220523.jpg', 'j8\\20200417_220547.jpg']


objpoints is [array([[0., 0., 0.],
       [1., 0., 0.],
       [2., 0., 0.],
       [3., 0., 0.],
       [4., 0., 0.],
       [5., 0., 0.],
       [6., 0., 0.],
       [7., 0., 0.],
       [8., 0., 0.],
       [0., 1., 0.],
       [1., 1., 0.],
       [2., 1., 0.],
       [3., 1., 0.],
       [4., 1., 0.],
       [5., 1., 0.],
       [6., 1., 0.],
       [7., 1., 0.],
       [8., 1., 0.],
       [0., 2., 0.],
       [1., 2., 0.],
       [2., 2., 0.],
       [3., 2., 0.],
       [4., 2., 0.],
       [5., 2., 0.],
       [6., 2., 0.],
       [7., 2., 0.],
       [8., 2., 0.],
       [0., 3., 0.],
       [1., 3., 0.],
       [2., 3., 0.],
       [3., 3., 0.],
       [4., 3., 0.],
       [5., 3., 0.],
       [6., 3., 0.],
       [7., 3., 0.],
       [8., 3., 0.],
       [0., 4., 0.],
       [1., 4., 0.],
       [2., 4., 0.],
       [3., 4., 0.],
       [4., 4., 0.],
       [5., 4., 0.],
       [6., 4., 0.],
       [7., 4., 0.],
       [8., 4., 0.],
       [0., 5., 0.],
       [1., 5., 0.],
       [2., 5., 0.],
       [3., 5., 0.],
       [4., 5., 0.],
       [5., 5., 0.],
       [6., 5., 0.],
       [7., 5., 0.],
       [8., 5., 0.]], dtype=float32), array([[0., 0., 0.],
       [1., 0., 0.],
       [2., 0., 0.],
       [3., 0., 0.],
       [4., 0., 0.],
       [5., 0., 0.],
       [6., 0., 0.],
       [7., 0., 0.],
       [8., 0., 0.],
       [0., 1., 0.],
       [1., 1., 0.],
       [2., 1., 0.],
       [3., 1., 0.],
       [4., 1., 0.],
       [5., 1., 0.],
       [6., 1., 0.],
       [7., 1., 0.],
       [8., 1., 0.],
       [0., 2., 0.],
       [1., 2., 0.],
       [2., 2., 0.],
       [3., 2., 0.],
       [4., 2., 0.],
       [5., 2., 0.],
       [6., 2., 0.],
       [7., 2., 0.],
       [8., 2., 0.],
       [0., 3., 0.],
       [1., 3., 0.],
       [2., 3., 0.],
       [3., 3., 0.],
       [4., 3., 0.],
       [5., 3., 0.],
       [6., 3., 0.],
       [7., 3., 0.],
       [8., 3., 0.],
       [0., 4., 0.],
       [1., 4., 0.],
       [2., 4., 0.],
       [3., 4., 0.],
       [4., 4., 0.],
       [5., 4., 0.],
       [6., 4., 0.],
       [7., 4., 0.],
       [8., 4., 0.],
       [0., 5., 0.],
       [1., 5., 0.],
       [2., 5., 0.],
       [3., 5., 0.],
       [4., 5., 0.],
       [5., 5., 0.],
       [6., 5., 0.],
       [7., 5., 0.],
       [8., 5., 0.]], dtype=float32), array([[0., 0., 0.],
       [1., 0., 0.],
       [2., 0., 0.],
       [3., 0., 0.],
       [4., 0., 0.],
       [5., 0., 0.],
       [6., 0., 0.],
       [7., 0., 0.],
       [8., 0., 0.],
       [0., 1., 0.],
       [1., 1., 0.],
       [2., 1., 0.],
       [3., 1., 0.],
       [4., 1., 0.],
       [5., 1., 0.],
       [6., 1., 0.],
       [7., 1., 0.],
       [8., 1., 0.],
       [0., 2., 0.],
       [1., 2., 0.],
       [2., 2., 0.],
       [3., 2., 0.],
       [4., 2., 0.],
       [5., 2., 0.],
       [6., 2., 0.],
       [7., 2., 0.],
       [8., 2., 0.],
       [0., 3., 0.],
       [1., 3., 0.],
       [2., 3., 0.],
       [3., 3., 0.],
       [4., 3., 0.],
       [5., 3., 0.],
       [6., 3., 0.],
       [7., 3., 0.],
       [8., 3., 0.],
       [0., 4., 0.],
       [1., 4., 0.],
       [2., 4., 0.],
       [3., 4., 0.],
       [4., 4., 0.],
       [5., 4., 0.],
       [6., 4., 0.],
       [7., 4., 0.],
       [8., 4., 0.],
       [0., 5., 0.],
       [1., 5., 0.],
       [2., 5., 0.],
       [3., 5., 0.],
       [4., 5., 0.],
       [5., 5., 0.],
       [6., 5., 0.],
       [7., 5., 0.],
       [8., 5., 0.]], dtype=float32), array([[0., 0., 0.],
       [1., 0., 0.],
       [2., 0., 0.],
       [3., 0., 0.],
       [4., 0., 0.],
       [5., 0., 0.],
       [6., 0., 0.],
       [7., 0., 0.],
       [8., 0., 0.],
       [0., 1., 0.],
       [1., 1., 0.],
       [2., 1., 0.],
       [3., 1., 0.],
       [4., 1., 0.],
       [5., 1., 0.],
       [6., 1., 0.],
       [7., 1., 0.],
       [8., 1., 0.],
       [0., 2., 0.],
       [1., 2., 0.],
       [2., 2., 0.],
       [3., 2., 0.],
       [4., 2., 0.],
       [5., 2., 0.],
       [6., 2., 0.],
       [7., 2., 0.],
       [8., 2., 0.],
       [0., 3., 0.],
       [1., 3., 0.],
       [2., 3., 0.],
       [3., 3., 0.],
       [4., 3., 0.],
       [5., 3., 0.],
       [6., 3., 0.],
       [7., 3., 0.],
       [8., 3., 0.],
       [0., 4., 0.],
       [1., 4., 0.],
       [2., 4., 0.],
       [3., 4., 0.],
       [4., 4., 0.],
       [5., 4., 0.],
       [6., 4., 0.],
       [7., 4., 0.],
       [8., 4., 0.],
       [0., 5., 0.],
       [1., 5., 0.],
       [2., 5., 0.],
       [3., 5., 0.],
       [4., 5., 0.],
       [5., 5., 0.],
       [6., 5., 0.],
       [7., 5., 0.],
       [8., 5., 0.]], dtype=float32), array([[0., 0., 0.],
       [1., 0., 0.],
       [2., 0., 0.],
       [3., 0., 0.],
       [4., 0., 0.],
       [5., 0., 0.],
       [6., 0., 0.],
       [7., 0., 0.],
       [8., 0., 0.],
       [0., 1., 0.],
       [1., 1., 0.],
       [2., 1., 0.],
       [3., 1., 0.],
       [4., 1., 0.],
       [5., 1., 0.],
       [6., 1., 0.],
       [7., 1., 0.],
       [8., 1., 0.],
       [0., 2., 0.],
       [1., 2., 0.],
       [2., 2., 0.],
       [3., 2., 0.],
       [4., 2., 0.],
       [5., 2., 0.],
       [6., 2., 0.],
       [7., 2., 0.],
       [8., 2., 0.],
       [0., 3., 0.],
       [1., 3., 0.],
       [2., 3., 0.],
       [3., 3., 0.],
       [4., 3., 0.],
       [5., 3., 0.],
       [6., 3., 0.],
       [7., 3., 0.],
       [8., 3., 0.],
       [0., 4., 0.],
       [1., 4., 0.],
       [2., 4., 0.],
       [3., 4., 0.],
       [4., 4., 0.],
       [5., 4., 0.],
       [6., 4., 0.],
       [7., 4., 0.],
       [8., 4., 0.],
       [0., 5., 0.],
       [1., 5., 0.],
       [2., 5., 0.],
       [3., 5., 0.],
       [4., 5., 0.],
       [5., 5., 0.],
       [6., 5., 0.],
       [7., 5., 0.],
       [8., 5., 0.]], dtype=float32), array([[0., 0., 0.],
       [1., 0., 0.],
       [2., 0., 0.],
       [3., 0., 0.],
       [4., 0., 0.],
       [5., 0., 0.],
       [6., 0., 0.],
       [7., 0., 0.],
       [8., 0., 0.],
       [0., 1., 0.],
       [1., 1., 0.],
       [2., 1., 0.],
       [3., 1., 0.],
       [4., 1., 0.],
       [5., 1., 0.],
       [6., 1., 0.],
       [7., 1., 0.],
       [8., 1., 0.],
       [0., 2., 0.],
       [1., 2., 0.],
       [2., 2., 0.],
       [3., 2., 0.],
       [4., 2., 0.],
       [5., 2., 0.],
       [6., 2., 0.],
       [7., 2., 0.],
       [8., 2., 0.],
       [0., 3., 0.],
       [1., 3., 0.],
       [2., 3., 0.],
       [3., 3., 0.],
       [4., 3., 0.],
       [5., 3., 0.],
       [6., 3., 0.],
       [7., 3., 0.],
       [8., 3., 0.],
       [0., 4., 0.],
       [1., 4., 0.],
       [2., 4., 0.],
       [3., 4., 0.],
       [4., 4., 0.],
       [5., 4., 0.],
       [6., 4., 0.],
       [7., 4., 0.],
       [8., 4., 0.],
       [0., 5., 0.],
       [1., 5., 0.],
       [2., 5., 0.],
       [3., 5., 0.],
       [4., 5., 0.],
       [5., 5., 0.],
       [6., 5., 0.],
       [7., 5., 0.],
       [8., 5., 0.]], dtype=float32)]


imgpointss is [array([[[1503.6285 , 2144.608  ]],

       [[1496.3547 , 1980.0817 ]],

       [[1487.1774 , 1816.7039 ]],

       [[1478.8977 , 1650.0714 ]],

       [[1473.5737 , 1483.2147 ]],

       [[1468.1023 , 1313.2886 ]],

       [[1462.0543 , 1145.1654 ]],

       [[1454.42   ,  974.8443 ]],

       [[1447.5043 ,  805.2959 ]],

       [[1665.8171 , 2142.037  ]],

       [[1658.627  , 1975.9397 ]],

       [[1652.1245 , 1810.3058 ]],

       [[1645.4397 , 1642.709  ]],

       [[1640.4141 , 1473.9729 ]],

       [[1634.5225 , 1302.4979 ]],

       [[1628.0637 , 1132.2158 ]],

       [[1622.235  ,  963.89   ]],

       [[1615.8136 ,  791.8736 ]],

       [[1831.3839 , 2139.7712 ]],

       [[1824.5051 , 1970.7235 ]],

       [[1818.3737 , 1803.5985 ]],

       [[1812.9742 , 1634.731  ]],

       [[1808.0016 , 1465.0688 ]],

       [[1802.6338 , 1293.1793 ]],

       [[1796.8944 , 1122.2219 ]],

       [[1791.0691 ,  950.5023 ]],

       [[1785.3647 ,  781.15857]],

       [[1999.5317 , 2136.1865 ]],

       [[1993.1616 , 1966.1785 ]],

       [[1987.5356 , 1797.9868 ]],

       [[1981.9187 , 1627.585  ]],

       [[1978.1578 , 1456.4376 ]],

       [[1973.4408 , 1283.5593 ]],

       [[1966.9694 , 1111.4802 ]],

       [[1961.0305 ,  941.7079 ]],

       [[1955.5361 ,  770.5826 ]],

       [[2170.7798 , 2132.7126 ]],

       [[2165.4697 , 1961.8398 ]],

       [[2159.6965 , 1791.5907 ]],

       [[2154.8062 , 1620.2544 ]],

       [[2150.401  , 1447.8425 ]],

       [[2147.1284 , 1273.8452 ]],

       [[2140.5796 , 1101.0624 ]],

       [[2133.6333 ,  930.626  ]],

       [[2126.6257 ,  761.9035 ]],

       [[2345.6091 , 2128.6833 ]],

       [[2340.61   , 1956.8572 ]],

       [[2334.6257 , 1785.4476 ]],

       [[2329.3635 , 1613.2906 ]],

       [[2327.2502 , 1439.4092 ]],

       [[2323.7937 , 1263.9043 ]],

       [[2317.02   , 1089.6802 ]],

       [[2308.8408 ,  919.8603 ]],

       [[2301.0105 ,  751.3778 ]]], dtype=float32), array([[[ 896.66034, 1849.0673 ]],

       [[1054.7704 , 1851.8093 ]],

       [[1210.815  , 1854.3826 ]],

       [[1369.9664 , 1859.1868 ]],

       [[1533.4679 , 1865.5311 ]],

       [[1700.9845 , 1870.9832 ]],

       [[1871.1862 , 1875.587  ]],

       [[2043.2867 , 1880.4154 ]],

       [[2217.1948 , 1885.5101 ]],

       [[ 889.1043 , 2008.394  ]],

       [[1046.8162 , 2013.275  ]],

       [[1204.8031 , 2017.655  ]],

       [[1364.5718 , 2023.5656 ]],

       [[1527.2609 , 2030.8501 ]],

       [[1693.9554 , 2038.4587 ]],

       [[1864.1555 , 2044.639  ]],

       [[2036.2471 , 2050.2039 ]],

       [[2209.2043 , 2057.01   ]],

       [[ 882.2013 , 2167.1487 ]],

       [[1038.6987 , 2173.2693 ]],

       [[1197.467  , 2179.294  ]],

       [[1357.4382 , 2186.6167 ]],

       [[1521.0619 , 2195.2388 ]],

       [[1688.2163 , 2203.9785 ]],

       [[1857.36   , 2211.9534 ]],

       [[2028.6223 , 2219.1008 ]],

       [[2200.557  , 2225.5205 ]],

       [[ 877.3571 , 2324.841  ]],

       [[1032.1298 , 2332.6729 ]],

       [[1190.1655 , 2340.8115 ]],

       [[1351.5104 , 2348.9338 ]],

       [[1514.0377 , 2359.481  ]],

       [[1681.384  , 2369.2737 ]],

       [[1850.6558 , 2377.079  ]],

       [[2020.3695 , 2383.9863 ]],

       [[2191.9375 , 2392.5674 ]],

       [[ 872.3011 , 2483.0784 ]],

       [[1027.2502 , 2493.1038 ]],

       [[1184.7803 , 2501.812  ]],

       [[1344.6461 , 2511.9946 ]],

       [[1508.4935 , 2522.1377 ]],

       [[1674.9802 , 2533.8489 ]],

       [[1843.5095 , 2541.9514 ]],

       [[2013.0087 , 2549.2185 ]],

       [[2182.693  , 2557.5986 ]],

       [[ 866.89386, 2642.6123 ]],

       [[1022.74005, 2652.6367 ]],

       [[1181.0868 , 2661.7668 ]],

       [[1340.6013 , 2671.9346 ]],

       [[1503.0756 , 2686.0127 ]],

       [[1668.9716 , 2697.842  ]],

       [[1837.0397 , 2707.1643 ]],

       [[2005.4635 , 2714.8784 ]],

       [[2175.5496 , 2723.4778 ]]], dtype=float32), array([[[ 664.72363,  811.8322 ]],

       [[ 897.7253 ,  872.576  ]],

       [[1113.4124 ,  926.31165]],

       [[1314.0133 ,  978.99066]],

       [[1494.4275 , 1032.4562 ]],

       [[1661.9141 , 1081.55   ]],

       [[1812.4287 , 1126.4882 ]],

       [[1954.6687 , 1166.4698 ]],

       [[2085.5999 , 1203.6013 ]],

       [[ 652.1353 , 1060.3052 ]],

       [[ 888.04224, 1112.6868 ]],

       [[1101.6685 , 1160.5505 ]],

       [[1300.9316 , 1204.8278 ]],

       [[1482.6736 , 1248.1338 ]],

       [[1651.26   , 1288.2515 ]],

       [[1803.3253 , 1325.4841 ]],

       [[1938.9237 , 1359.5353 ]],

       [[2070.803  , 1391.2654 ]],

       [[ 639.9936 , 1313.0475 ]],

       [[ 879.43677, 1354.4476 ]],

       [[1092.8298 , 1392.0443 ]],

       [[1291.5343 , 1427.5833 ]],

       [[1468.4924 , 1463.4844 ]],

       [[1638.1322 , 1495.4688 ]],

       [[1787.9966 , 1524.3885 ]],

       [[1927.8494 , 1551.4275 ]],

       [[2053.3535 , 1576.5729 ]],

       [[ 626.78796, 1566.7716 ]],

       [[ 866.2871 , 1596.6881 ]],

       [[1083.5477 , 1624.9773 ]],

       [[1277.8232 , 1651.087  ]],

       [[1459.3057 , 1677.5863 ]],

       [[1624.535  , 1702.2388 ]],

       [[1772.6943 , 1723.5323 ]],

       [[1905.6222 , 1742.72   ]],

       [[2035.1749 , 1760.6008 ]],

       [[ 614.8218 , 1823.3333 ]],

       [[ 854.7945 , 1842.4625 ]],

       [[1069.1558 , 1860.5107 ]],

       [[1264.7826 , 1877.4417 ]],

       [[1441.4171 , 1894.9993 ]],

       [[1607.9229 , 1910.8746 ]],

       [[1754.87   , 1923.2671 ]],

       [[1889.3231 , 1934.3496 ]],

       [[2012.1134 , 1945.4574 ]],

       [[ 602.4641 , 2082.7776 ]],

       [[ 840.6623 , 2090.5623 ]],

       [[1054.5614 , 2097.3699 ]],

       [[1249.4431 , 2104.9353 ]],

       [[1428.5544 , 2112.5508 ]],

       [[1591.2332 , 2119.235  ]],

       [[1741.495  , 2123.7314 ]],

       [[1871.5028 , 2126.5522 ]],

       [[1993.4243 , 2129.9468 ]]], dtype=float32), array([[[1133.433  , 1598.6676 ]],

       [[1148.1587 , 1491.075  ]],

       [[1150.5775 , 1394.1301 ]],

       [[1157.2892 , 1281.8661 ]],

       [[1176.8828 , 1142.9192 ]],

       [[1188.7987 ,  996.35376]],

       [[1206.7806 ,  821.7701 ]],

       [[1223.6215 ,  626.6955 ]],

       [[1246.522  ,  401.55524]],

       [[1277.8743 , 1688.3785 ]],

       [[1301.1436 , 1585.7191 ]],

       [[1319.6791 , 1482.6426 ]],

       [[1333.6395 , 1378.1442 ]],

       [[1357.428  , 1252.6008 ]],

       [[1389.1418 , 1102.4589 ]],

       [[1418.222  ,  938.2605 ]],

       [[1460.1963 ,  737.8804 ]],

       [[1500.3478 ,  520.13086]],

       [[1428.4296 , 1771.7758 ]],

       [[1452.1562 , 1682.1531 ]],

       [[1486.063  , 1575.2083 ]],

       [[1510.9879 , 1474.9402 ]],

       [[1551.4175 , 1346.2078 ]],

       [[1590.4064 , 1209.019  ]],

       [[1636.3156 , 1048.3965 ]],

       [[1691.9556 ,  857.88196]],

       [[1757.2998 ,  639.70593]],

       [[1581.1342 , 1853.1968 ]],

       [[1613.2874 , 1769.0662 ]],

       [[1648.9403 , 1676.5009 ]],

       [[1693.5297 , 1566.4222 ]],

       [[1738.8312 , 1452.5662 ]],

       [[1799.3904 , 1308.1359 ]],

       [[1858.0284 , 1156.1782 ]],

       [[1933.7842 ,  964.57965]],

       [[2016.588  ,  756.41205]],

       [[1735.3126 , 1939.3947 ]],

       [[1777.6813 , 1854.9949 ]],

       [[1823.4025 , 1765.4933 ]],

       [[1873.2225 , 1669.0887 ]],

       [[1934.7397 , 1553.1604 ]],

       [[2005.5045 , 1418.233  ]],

       [[2084.8428 , 1261.9044 ]],

       [[2173.3706 , 1082.9877 ]],

       [[2281.2886 ,  871.80554]],

       [[1891.6598 , 2027.4232 ]],

       [[1943.877  , 1944.6284 ]],

       [[2000.1132 , 1857.7244 ]],

       [[2064.423  , 1758.225  ]],

       [[2136.164  , 1651.8474 ]],

       [[2220.2148 , 1523.4634 ]],

       [[2312.8394 , 1376.032  ]],

       [[2420.7676 , 1201.9934 ]],

       [[2548.6243 ,  996.2463 ]]], dtype=float32), array([[[ 936.0392 , 1092.32   ]],

       [[1065.6462 , 1084.0651 ]],

       [[1192.343  , 1068.8923 ]],

       [[1326.4666 , 1055.42   ]],

       [[1481.0276 , 1047.0353 ]],

       [[1640.8662 , 1033.9346 ]],

       [[1817.4661 , 1020.4685 ]],

       [[2004.67   , 1003.7836 ]],

       [[2208.6553 ,  988.5319 ]],

       [[ 917.632  , 1259.3127 ]],

       [[1046.9231 , 1256.2301 ]],

       [[1178.4246 , 1251.3921 ]],

       [[1311.3387 , 1244.1487 ]],

       [[1458.271  , 1239.8127 ]],

       [[1621.695  , 1235.3566 ]],

       [[1795.5477 , 1229.3903 ]],

       [[1986.2793 , 1224.3456 ]],

       [[2188.2717 , 1217.1704 ]],

       [[ 900.3943 , 1426.9478 ]],

       [[1024.5989 , 1428.3813 ]],

       [[1161.181  , 1429.3732 ]],

       [[1294.6079 , 1429.5305 ]],

       [[1446.5093 , 1432.8748 ]],

       [[1604.4115 , 1434.8821 ]],

       [[1777.8994 , 1436.1418 ]],

       [[1965.6702 , 1438.5533 ]],

       [[2168.6736 , 1442.1433 ]],

       [[ 891.45905, 1593.7408 ]],

       [[1010.50037, 1599.0326 ]],

       [[1140.6815 , 1605.5312 ]],

       [[1281.7095 , 1613.1772 ]],

       [[1426.2546 , 1622.574  ]],

       [[1591.3518 , 1632.4283 ]],

       [[1761.7167 , 1641.0397 ]],

       [[1952.0209 , 1650.5264 ]],

       [[2150.7488 , 1661.729  ]],

       [[ 880.66425, 1759.3386 ]],

       [[1000.04663, 1770.6813 ]],

       [[1128.7571 , 1783.0402 ]],

       [[1263.3594 , 1796.2361 ]],

       [[1413.3811 , 1811.3201 ]],

       [[1572.5599 , 1828.9166 ]],

       [[1746.633  , 1844.1415 ]],

       [[1934.2917 , 1860.895  ]],

       [[2134.7913 , 1879.5184 ]],

       [[ 869.0242 , 1925.624  ]],

       [[ 990.7956 , 1941.3048 ]],

       [[1118.4326 , 1958.8057 ]],

       [[1257.6024 , 1977.908  ]],

       [[1402.5065 , 2000.57   ]],

       [[1559.5482 , 2023.5635 ]],

       [[1730.202  , 2046.6125 ]],

       [[1917.287  , 2069.2031 ]],

       [[2116.6174 , 2095.4722 ]]], dtype=float32), array([[[1575.8093 , 2341.286  ]],

       [[1582.1765 , 2153.2754 ]],

       [[1578.8956 , 1970.53   ]],

       [[1576.0306 , 1783.8013 ]],

       [[1583.5459 , 1596.6453 ]],

       [[1584.7692 , 1406.4968 ]],

       [[1590.1194 , 1219.8171 ]],

       [[1592.985  , 1031.6917 ]],

       [[1597.1616 ,  845.2986 ]],

       [[1715.6111 , 2360.9656 ]],

       [[1724.5071 , 2165.7817 ]],

       [[1728.3866 , 1973.1693 ]],

       [[1726.9307 , 1779.4474 ]],

       [[1727.4445 , 1583.4824 ]],

       [[1732.8563 , 1386.8539 ]],

       [[1737.4269 , 1191.5371 ]],

       [[1746.9991 ,  998.6168 ]],

       [[1751.4645 ,  803.9692 ]],

       [[1872.2957 , 2382.5522 ]],

       [[1876.2974 , 2178.3494 ]],

       [[1885.1652 , 1977.8285 ]],

       [[1885.3464 , 1774.486  ]],

       [[1892.9816 , 1572.0197 ]],

       [[1893.7008 , 1366.3837 ]],

       [[1901.8412 , 1163.7803 ]],

       [[1908.3402 ,  961.7787 ]],

       [[1918.0901 ,  763.71545]],

       [[2045.5381 , 2403.7354 ]],

       [[2046.7924 , 2192.4827 ]],

       [[2052.2576 , 1980.8867 ]],

       [[2061.2346 , 1770.7727 ]],

       [[2063.783  , 1557.9263 ]],

       [[2071.6519 , 1345.6451 ]],

       [[2078.6543 , 1133.6294 ]],

       [[2091.3042 ,  927.20044]],

       [[2097.572  ,  719.4893 ]],

       [[2235.4507 , 2428.2178 ]],

       [[2237.414  , 2206.1252 ]],

       [[2245.5    , 1987.5    ]],

       [[2248.3987 , 1766.5421 ]],

       [[2258.2341 , 1544.6029 ]],

       [[2265.432  , 1321.2252 ]],

       [[2276.0193 , 1101.1809 ]],

       [[2285.5107 ,  886.6909 ]],

       [[2295.3647 ,  675.57306]],

       [[2442.7922 , 2454.145  ]],

       [[2448.5981 , 2223.175  ]],

       [[2455.579  , 1991.8296 ]],

       [[2464.8325 , 1761.6027 ]],

       [[2471.6497 , 1528.9718 ]],

       [[2481.013  , 1295.4725 ]],

       [[2488.191  , 1066.7911 ]],

       [[2497.1736 ,  845.3233 ]],

       [[2508.6462 ,  623.9113 ]]], dtype=float32)]


imgpointsj is [array([[[1836.5035 , 1296.9861 ]],

       [[1834.8767 , 1487.7947 ]],

       [[1835.6823 , 1672.3564 ]],

       [[1834.6407 , 1856.7286 ]],

       [[1830.682  , 2043.6168 ]],

       [[1827.719  , 2230.6729 ]],

       [[1824.978  , 2417.9187 ]],

       [[1823.7808 , 2605.3    ]],

       [[1821.8788 , 2792.948  ]],

       [[1653.4237 , 1284.6565 ]],

       [[1651.4165 , 1476.5541 ]],

       [[1650.4431 , 1664.9954 ]],

       [[1649.022  , 1851.4935 ]],

       [[1646.0297 , 2038.4686 ]],

       [[1642.6547 , 2227.398  ]],

       [[1640.3475 , 2415.3494 ]],

       [[1637.309  , 2603.628  ]],

       [[1635.0029 , 2792.526  ]],

       [[1466.4176 , 1271.975  ]],

       [[1466.2323 , 1464.6653 ]],

       [[1464.7186 , 1655.3813 ]],

       [[1463.1766 , 1843.5205 ]],

       [[1459.5863 , 2033.338  ]],

       [[1455.5576 , 2223.4915 ]],

       [[1453.3932 , 2412.6865 ]],

       [[1450.5808 , 2602.0364 ]],

       [[1446.3071 , 2791.0762 ]],

       [[1278.2277 , 1261.3434 ]],

       [[1277.3317 , 1453.5314 ]],

       [[1275.5804 , 1645.3386 ]],

       [[1274.1025 , 1837.1866 ]],

       [[1270.2407 , 2027.3065 ]],

       [[1266.936  , 2218.9458 ]],

       [[1264.513  , 2410.1294 ]],

       [[1261.4725 , 2599.462  ]],

       [[1257.1833 , 2790.1257 ]],

       [[1085.2728 , 1249.9249 ]],

       [[1083.2539 , 1443.1011 ]],

       [[1082.513  , 1636.0878 ]],

       [[1080.5687 , 1828.16   ]],

       [[1077.3633 , 2021.683  ]],

       [[1073.0309 , 2214.6697 ]],

       [[1070.3221 , 2407.5703 ]],

       [[1068.8453 , 2598.4001 ]],

       [[1064.7972 , 2788.114  ]],

       [[ 887.6934 , 1238.3029 ]],

       [[ 886.16705, 1433.5841 ]],

       [[ 885.35333, 1627.7167 ]],

       [[ 883.2348 , 1821.6757 ]],

       [[ 878.8353 , 2016.0613 ]],

       [[ 874.53143, 2211.1528 ]],

       [[ 872.2624 , 2405.1443 ]],

       [[ 870.7188 , 2597.1929 ]],

       [[ 868.788  , 2787.602  ]]], dtype=float32), array([[[2507.1125 , 1682.401  ]],

       [[2325.587  , 1668.023  ]],

       [[2148.762  , 1651.6212 ]],

       [[1969.8722 , 1631.6696 ]],

       [[1786.1758 , 1610.4585 ]],

       [[1598.3517 , 1588.6798 ]],

       [[1408.3921 , 1567.9694 ]],

       [[1215.6656 , 1546.5122 ]],

       [[1020.6095 , 1524.7646 ]],

       [[2527.7222 , 1499.6637 ]],

       [[2346.8657 , 1482.6821 ]],

       [[2166.8042 , 1465.3008 ]],

       [[1986.3568 , 1444.3264 ]],

       [[1802.5974 , 1421.9723 ]],

       [[1614.836  , 1397.9049 ]],

       [[1424.7435 , 1374.9567 ]],

       [[1231.6747 , 1354.5535 ]],

       [[1036.8832 , 1331.7684 ]],

       [[2547.878  , 1315.8007 ]],

       [[2367.67   , 1297.4171 ]],

       [[2186.6362 , 1278.467  ]],

       [[2004.763  , 1255.7645 ]],

       [[1819.8014 , 1232.9393 ]],

       [[1631.3251 , 1207.7427 ]],

       [[1440.6864 , 1184.3212 ]],

       [[1247.9783 , 1162.2806 ]],

       [[1054.6412 , 1140.3859 ]],

       [[2565.138  , 1134.6102 ]],

       [[2386.2197 , 1111.7195 ]],

       [[2206.3574 , 1090.7648 ]],

       [[2022.0486 , 1069.4888 ]],

       [[1837.9788 , 1042.6564 ]],

       [[1648.5032 , 1017.96497]],

       [[1457.1566 ,  996.63837]],

       [[1265.0514 ,  976.5327 ]],

       [[1071.8136 ,  951.99506]],

       [[2582.2854 ,  951.7192 ]],

       [[2403.7432 ,  927.0543 ]],

       [[2222.858  ,  905.72766]],

       [[2040.4603 ,  880.1007 ]],

       [[1853.6782 ,  855.85034]],

       [[1665.3016 ,  828.96375]],

       [[1474.0435 ,  807.3908 ]],

       [[1281.621  ,  786.5019 ]],

       [[1090.0715 ,  765.4138 ]],

       [[2599.5706 ,  766.50305]],

       [[2419.903  ,  742.0924 ]],

       [[2238.7559 ,  719.878  ]],

       [[2055.5964 ,  696.5589 ]],

       [[1870.5061 ,  667.5372 ]],

       [[1682.0157 ,  640.3117 ]],

       [[1490.4529 ,  617.0048 ]],

       [[1299.4309 ,  597.3522 ]],

       [[1107.479  ,  576.34717]]], dtype=float32), array([[[2745.3875 , 2464.5962 ]],

       [[2475.3423 , 2428.4014 ]],

       [[2229.951  , 2396.3806 ]],

       [[2003.4651 , 2363.776  ]],

       [[1801.9058 , 2332.2976 ]],

       [[1616.3578 , 2302.8003 ]],

       [[1448.3401 , 2277.2847 ]],

       [[1289.6168 , 2254.4768 ]],

       [[1142.6516 , 2233.1208 ]],

       [[2774.9834 , 2177.8923 ]],

       [[2502.426  , 2154.283  ]],

       [[2257.6443 , 2134.11   ]],

       [[2032.4783 , 2112.7485 ]],

       [[1827.5026 , 2090.91   ]],

       [[1638.923  , 2071.3757 ]],

       [[1469.1207 , 2054.7703 ]],

       [[1316.224  , 2040.5554 ]],

       [[1168.0873 , 2026.0232 ]],

       [[2808.787  , 1887.4557 ]],

       [[2529.9607 , 1877.5933 ]],

       [[2282.8992 , 1868.8604 ]],

       [[2056.929  , 1859.5547 ]],

       [[1856.2556 , 1848.8718 ]],

       [[1665.4066 , 1838.979  ]],

       [[1496.3878 , 1831.5328 ]],

       [[1338.9884 , 1824.6831 ]],

       [[1197.0862 , 1818.4886 ]],

       [[2843.3076 , 1594.5935 ]],

       [[2563.0642 , 1597.9723 ]],

       [[2310.3667 , 1600.5392 ]],

       [[2087.0115 , 1604.4993 ]],

       [[1879.5396 , 1603.6858 ]],

       [[1691.6227 , 1604.7078 ]],

       [[1523.9275 , 1609.0471 ]],

       [[1372.6018 , 1613.3126 ]],

       [[1225.3906 , 1613.4086 ]],

       [[2876.9248 , 1294.9628 ]],

       [[2593.5059 , 1312.3278 ]],

       [[2342.9502 , 1329.6365 ]],

       [[2116.538  , 1344.0775 ]],

       [[1913.6038 , 1357.6797 ]],

       [[1721.6826 , 1367.8295 ]],

       [[1554.0508 , 1381.927  ]],

       [[1400.2517 , 1396.4845 ]],

       [[1259.9174 , 1405.6752 ]],

       [[2909.5703 ,  992.34436]],

       [[2627.2065 , 1023.61865]],

       [[2376.61   , 1054.5627 ]],

       [[2149.919  , 1082.2587 ]],

       [[1941.9905 , 1105.1416 ]],

       [[1752.612  , 1127.9867 ]],

       [[1579.9602 , 1151.5466 ]],

       [[1430.5    , 1175.5    ]],

       [[1289.4574 , 1197.9196 ]]], dtype=float32), array([[[2224.3628 , 1898.5582 ]],

       [[2204.5225 , 1983.1931 ]],

       [[2199.8562 , 2050.8835 ]],

       [[2190.082  , 2129.6284 ]],

       [[2163.6162 , 2234.5515 ]],

       [[2146.942  , 2338.6792 ]],

       [[2122.46   , 2466.4783 ]],

       [[2098.728  , 2609.462  ]],

       [[2068.4731 , 2776.3333 ]],

       [[2068.1958 , 1785.352  ]],

       [[2038.1549 , 1862.8433 ]],

       [[2015.113  , 1936.7844 ]],

       [[1997.6631 , 2006.5201 ]],

       [[1968.2046 , 2093.5254 ]],

       [[1929.3811 , 2201.8928 ]],

       [[1893.4906 , 2317.138  ]],

       [[1841.6498 , 2462.7646 ]],

       [[1791.4329 , 2617.6436 ]],

       [[1901.9701 , 1677.387  ]],

       [[1875.3954 , 1739.6902 ]],

       [[1834.086  , 1818.4618 ]],

       [[1805.0134 , 1881.8871 ]],

       [[1757.4917 , 1973.41   ]],

       [[1711.1055 , 2064.8074 ]],

       [[1657.1248 , 2175.3271 ]],

       [[1591.4685 , 2307.     ]],

       [[1514.1992 , 2462.0432 ]],

       [[1737.3274 , 1573.8029 ]],

       [[1698.9374 , 1629.7585 ]],

       [[1658.6127 , 1689.4425 ]],

       [[1606.497  , 1764.3168 ]],

       [[1554.4586 , 1837.159  ]],

       [[1484.3364 , 1938.3633 ]],

       [[1416.867  , 2036.4075 ]],

       [[1328.5132 , 2170.5588 ]],

       [[1232.     , 2311.     ]],

       [[1569.1754 , 1461.6312 ]],

       [[1519.8436 , 1517.3865 ]],

       [[1467.5702 , 1573.5453 ]],

       [[1410.4379 , 1631.405  ]],

       [[1341.0105 , 1705.7118 ]],

       [[1258.9475 , 1794.5242 ]],

       [[1167.9716 , 1899.1292 ]],

       [[1065.4475 , 2016.4309 ]],

       [[ 939.1164 , 2163.2395 ]],

       [[1398.1998 , 1345.9906 ]],

       [[1337.6733 , 1401.2374 ]],

       [[1273.399  , 1453.6902 ]],

       [[1199.3341 , 1515.613  ]],

       [[1119.1056 , 1577.3912 ]],

       [[1023.99066, 1657.2252 ]],

       [[ 916.94257, 1749.289  ]],

       [[ 793.1039 , 1861.8132 ]],

       [[ 645.     , 2001.     ]]], dtype=float32), array([[[2413.385 , 2500.226 ]],

       [[2265.4014, 2481.4175]],

       [[2126.0032, 2464.0537]],

       [[1978.3448, 2443.2144]],

       [[1807.8239, 2417.3606]],

       [[1632.6165, 2391.8108]],

       [[1440.2382, 2364.759 ]],

       [[1235.7831, 2338.179 ]],

       [[1008.832 , 2307.23  ]],

       [[2444.163 , 2314.5923]],

       [[2298.1636, 2289.725 ]],

       [[2151.5686, 2265.0215]],

       [[2004.6451, 2237.7988]],

       [[1843.9861, 2206.2231]],

       [[1665.1919, 2172.4954]],

       [[1474.8981, 2137.8125]],

       [[1265.2264, 2100.8447]],

       [[1044.5026, 2060.6643]],

       [[2473.5703, 2129.6697]],

       [[2333.443 , 2100.6306]],

       [[2182.0437, 2068.8516]],

       [[2034.427 , 2034.7607]],

       [[1868.0048, 1997.0717]],

       [[1694.6611, 1955.421 ]],

       [[1505.1243, 1912.9539]],

       [[1298.6935, 1867.1393]],

       [[1073.9614, 1817.8301]],

       [[2495.707 , 1945.9988]],

       [[2361.4229, 1910.741 ]],

       [[2216.4675, 1873.0278]],

       [[2059.4402, 1832.8179]],

       [[1900.6201, 1787.7213]],

       [[1720.0441, 1739.6597]],

       [[1533.6182, 1689.2002]],

       [[1323.6406, 1637.3114]],

       [[1105.0387, 1578.2195]],

       [[2519.4062, 1761.1873]],

       [[2385.6355, 1719.9579]],

       [[2241.906 , 1676.5272]],

       [[2092.4587, 1629.7003]],

       [[1927.1053, 1578.2893]],

       [[1751.7921, 1521.9817]],

       [[1560.2412, 1464.3898]],

       [[1353.7734, 1404.8685]],

       [[1131.8743, 1340.6022]],

       [[2545.5383, 1574.569 ]],

       [[2407.826 , 1528.65  ]],

       [[2265.4995, 1479.8055]],

       [[2111.5278, 1427.8131]],

       [[1951.5992, 1367.451 ]],

       [[1777.3939, 1304.2272]],

       [[1588.3722, 1239.8694]],

       [[1382.4086, 1173.4626]],

       [[1160.9484, 1102.2056]]], dtype=float32), array([[[1775.3383 ,  972.4967 ]],

       [[1755.7032 , 1190.5186 ]],

       [[1748.5038 , 1401.7113 ]],

       [[1742.4932 , 1612.6924 ]],

       [[1722.3752 , 1824.5592 ]],

       [[1710.4877 , 2035.5437 ]],

       [[1694.3479 , 2244.5583 ]],

       [[1681.5026 , 2452.4758 ]],

       [[1665.3276 , 2659.2136 ]],

       [[1619.1927 ,  908.1116 ]],

       [[1598.3566 , 1135.1378 ]],

       [[1583.3549 , 1356.9131 ]],

       [[1575.3813 , 1577.3994 ]],

       [[1564.9752 , 1796.5654 ]],

       [[1547.8135 , 2016.9088 ]],

       [[1532.6702 , 2234.4202 ]],

       [[1510.8918 , 2449.547  ]],

       [[1495.4783 , 2664.4565 ]],

       [[1447.213  ,  840.23114]],

       [[1431.2274 , 1075.3121 ]],

       [[1410.6808 , 1307.9027 ]],

       [[1400.9402 , 1537.6176 ]],

       [[1382.3577 , 1767.0603 ]],

       [[1370.378  , 1996.3494 ]],

       [[1351.4482 , 2222.3647 ]],

       [[1332.4973 , 2447.2087 ]],

       [[1309.7129 , 2668.9749 ]],

       [[1254.7421 ,  768.7993 ]],

       [[1243.0851 , 1011.0267 ]],

       [[1226.225  , 1253.534  ]],

       [[1206.1666 , 1494.671  ]],

       [[1193.2405 , 1733.498  ]],

       [[1173.6155 , 1973.0245 ]],

       [[1155.5729 , 2209.4954 ]],

       [[1131.8352 , 2442.4526 ]],

       [[1109.6334 , 2674.775  ]],

       [[1045.071  ,  690.4626 ]],

       [[1031.4194 ,  943.43616]],

       [[1014.4965 , 1196.0062 ]],

       [[ 999.1535 , 1445.9131 ]],

       [[ 976.8712 , 1697.8293 ]],

       [[ 959.89734, 1947.9956 ]],

       [[ 937.8252 , 2194.737  ]],

       [[ 913.46326, 2438.5217 ]],

       [[ 887.437  , 2679.205  ]],

       [[ 815.6556 ,  604.4586 ]],

       [[ 797.5158 ,  869.497  ]],

       [[ 778.83136, 1133.7496 ]],

       [[ 757.83966, 1397.5016 ]],

       [[ 739.7124 , 1658.4141 ]],

       [[ 718.9859 , 1920.1311 ]],

       [[ 697.6263 , 2180.0732 ]],

       [[ 673.1903 , 2433.5042 ]],

       [[ 647.17786, 2685.6565 ]]], dtype=float32)]


